{
 "cells": [
  {
   "cell_type": "markdown",
   "metadata": {},
   "source": [
    "# Neural & Behavioral Modeling - Week 4 (Exercises)\n",
    "by Chi-Lin Yu (psychilinyu@gmail.com)"
   ]
  },
  {
   "cell_type": "code",
   "execution_count": 1,
   "metadata": {},
   "outputs": [],
   "source": [
    "%config IPCompleter.greedy=True \n",
    "%matplotlib inline\n",
    "from numpy import *\n",
    "from matplotlib.pyplot import *\n",
    "from IPython.display import *\n",
    "import random\n",
    "from sklearn.decomposition import PCA\n",
    "from sklearn import preprocessing\n",
    "\n",
    "def plot_rst(rst,numplay,tit):\n",
    "    A = rst[:,0]+(np.random.random((1,numplay))-.5)*.1\n",
    "    X_scaled = (A - mean(A))/std(A)\n",
    "    B = rst[:,1]+(np.random.random((1,numplay))-.5)*.1\n",
    "    Y_scaled = (B - mean(B))/std(B)\n",
    "    #X_scaled = rst[:,0]\n",
    "    #Y_scaled = rst[:,1]\n",
    "    clf() # clear previous figure\n",
    "    plot(X_scaled,Y_scaled,'ro')\n",
    "    #xmi = min(rst[:,0])-0.1\n",
    "    #xma = max(rst[:,0])+0.1\n",
    "    #ymi = min(rst[:,1])-0.1\n",
    "    #yma = max(rst[:,1])+0.1\n",
    "    xlim([-3.5,3.5])\n",
    "    ylim([-3.5,3.5])\n",
    "    #xlim([-1.5,1.5])\n",
    "    #ylim([-1.5,1.5])\n",
    "    #axis('scaled')\n",
    "    gca().set_aspect('equal', adjustable='box')\n",
    "    title(tit)\n",
    "    xticks([])\n",
    "    yticks([])\n",
    "    display(gcf()); clear_output(wait=True)"
   ]
  },
  {
   "cell_type": "markdown",
   "metadata": {},
   "source": [
    "## 1 Replicate exisiting findings/models \n",
    "Based on your personal interest, please choose and replicate ONE of the following studies:\n",
    "\n",
    "1. <a href=\"http://ccl.northwestern.edu/netlogo/models/FlockingVeeFormations\">Flocking Vee Formations</a> in NetLogo's [Sample Models::Biology] \n",
    "\n",
    "2. <a href=\"http://ccl.northwestern.edu/netlogo/models/WolfSheepPredation\">Wolf-Sheep Predation</a> in NetLogo's [Sample Models::Biology] \n",
    "\n",
    "3. <a href=\"https://www.wetalk.tw/thread-36278-1-1.html\">MIT Matching Game</a>\n",
    "\n",
    "4. Gray, K., Rand, D. G., Ert, E., Lewis, K., Hershman, S., & Norton, M. I. (2014). <a href=\"http://www.mpmlab.org/groups/\">The emergence of “us and them” in 80 lines of code: Modeling group genesis in homogeneous populations</a>. Psychological Science, 25(4), 982-990.\n",
    "\n",
    "5. Luhmann, C. C., & Rajaram, S. (2015). <a href=\"http://journals.sagepub.com/doi/abs/10.1177/0956797615605798\">Memory transmission in small groups and large networks: An agent-based model</a>. Psychological Science, 26(12), 1909-1917."
   ]
  },
  {
   "cell_type": "code",
   "execution_count": 6,
   "metadata": {},
   "outputs": [
    {
     "name": "stdout",
     "output_type": "stream",
     "text": [
      "[[0.00000000e+00 1.00000000e+00 3.08395285e-18 4.93432455e-17\n",
      "  2.46716228e-17 9.25185854e-18 2.77555756e-17 2.46716228e-17\n",
      "  2.46716228e-17 2.46716228e-17 1.02798428e-18 5.55111512e-17]\n",
      " [1.00000000e+00 0.00000000e+00 1.73472348e-17 7.40148683e-17\n",
      "  2.77555756e-17 9.25185854e-18 9.25185854e-18 2.77555756e-17\n",
      "  2.77555756e-17 1.85037171e-17 7.70988212e-18 5.55111512e-17]\n",
      " [3.08395285e-18 1.73472348e-17 0.00000000e+00 2.77555756e-17\n",
      "  1.00000000e+00 1.00000000e+00 1.00000000e+00 1.00000000e+00\n",
      "  1.00000000e+00 1.00000000e+00 1.00000000e+00 2.08166817e-17]\n",
      " [4.93432455e-17 7.40148683e-17 2.77555756e-17 0.00000000e+00\n",
      "  2.77555756e-17 6.85322855e-19 2.77555756e-17 9.25185854e-18\n",
      "  2.05596856e-18 9.25185854e-18 1.85037171e-17 1.00000000e+00]\n",
      " [2.46716228e-17 2.77555756e-17 1.00000000e+00 2.77555756e-17\n",
      "  0.00000000e+00 1.00000000e+00 1.00000000e+00 1.00000000e+00\n",
      "  1.00000000e+00 1.00000000e+00 1.00000000e+00 2.08166817e-17]\n",
      " [9.25185854e-18 9.25185854e-18 1.00000000e+00 6.85322855e-19\n",
      "  1.00000000e+00 0.00000000e+00 1.00000000e+00 1.00000000e+00\n",
      "  1.00000000e+00 1.00000000e+00 1.00000000e+00 2.08166817e-17]\n",
      " [2.77555756e-17 9.25185854e-18 1.00000000e+00 2.77555756e-17\n",
      "  1.00000000e+00 1.00000000e+00 0.00000000e+00 1.00000000e+00\n",
      "  1.00000000e+00 1.00000000e+00 1.00000000e+00 2.31296463e-17]\n",
      " [2.46716228e-17 2.77555756e-17 1.00000000e+00 9.25185854e-18\n",
      "  1.00000000e+00 1.00000000e+00 1.00000000e+00 0.00000000e+00\n",
      "  1.00000000e+00 1.00000000e+00 1.00000000e+00 2.08166817e-17]\n",
      " [2.46716228e-17 2.77555756e-17 1.00000000e+00 2.05596856e-18\n",
      "  1.00000000e+00 1.00000000e+00 1.00000000e+00 1.00000000e+00\n",
      "  0.00000000e+00 1.00000000e+00 1.00000000e+00 4.62592927e-18]\n",
      " [2.46716228e-17 1.85037171e-17 1.00000000e+00 9.25185854e-18\n",
      "  1.00000000e+00 1.00000000e+00 1.00000000e+00 1.00000000e+00\n",
      "  1.00000000e+00 0.00000000e+00 1.00000000e+00 2.77555756e-17]\n",
      " [1.02798428e-18 7.70988212e-18 1.00000000e+00 1.85037171e-17\n",
      "  1.00000000e+00 1.00000000e+00 1.00000000e+00 1.00000000e+00\n",
      "  1.00000000e+00 1.00000000e+00 0.00000000e+00 2.77555756e-17]\n",
      " [5.55111512e-17 5.55111512e-17 2.08166817e-17 1.00000000e+00\n",
      "  2.08166817e-17 2.08166817e-17 2.31296463e-17 2.08166817e-17\n",
      "  4.62592927e-18 2.77555756e-17 2.77555756e-17 0.00000000e+00]]\n"
     ]
    }
   ],
   "source": [
    "### Model Parameters:\n",
    "numplay = 12 # numplay = number of players in the game\n",
    "numrounds = 10000 # numrounds = the number of generations\n",
    "setpoint = .5 # setpoint =the probability of interaction where we start everyone at.\n",
    "#Anything higher than the setpoint is seen as being \"closer\" to someone,\n",
    "#whereas anything further away is seen as being \"further\" from someone.\n",
    "#Value: .50, which is indifference or neither close nor far)                                                                      \n",
    "A = 0 # A = cooperation adjustment: influences the probability of coop/defection (range:-1 to 1, though most meaningful between -.2 to .2.\n",
    "r = 3 # r = the reciprocity coefficient: players move closer after cooperating/further after defecting (range: 1 - infinity)\n",
    "t = 2# t = the transitivity coefficient: players move closer/further to the friends/enemies of another player after an instance of mutual cooperation (1 - infinity).\n",
    "#graphrounds = 10 # graphrounds = the number of rounds that a graph appears for\n",
    "\n",
    "\n",
    "# Payoffs: prisoner's dilemma payoffs for each strategy.  \n",
    "# First word is what the first person decides to do.  Second is what the second person decides to do.\n",
    "coopcoop = 1\n",
    "coopdefect = -3\n",
    "defectdefect = -1\n",
    "defectcoop = 3;\n",
    "random.seed(1)\n",
    " \n",
    "#Closenss Matrix: Probx = the matrix of interaction probabilities (i.e., closeness values).  \n",
    "# First established as a uniform and symmetric matrix of setpoint values, with zeroes on the diagonal.\n",
    "Probx = np.full([numplay,numplay],1)*setpoint\n",
    "np.fill_diagonal(Probx , 0)\n",
    "\n",
    "# Payoff Matrix: Payx = total payoff matrix from interactions of coop and defecting, initialize  matrix as all zeroes\n",
    "Payx = np.zeros((1,numplay))\n",
    " \n",
    "### Simulation\n",
    " \n",
    "# loop for number of generations\n",
    "for rounds in range(numrounds): # evey time only randomly select two people\n",
    "    \n",
    "    # 1. Probability of interaction.\n",
    "    \n",
    "    # in the matrix of players, select two players to play with each other from row n and column m of the matrix\n",
    "    n = random.randint(0,numplay - 1) # need n from 0 to 11 (exactly 1~12)\n",
    "    m = random.randint(0,numplay - 2) # need m from 0 to 10 (exactly 1~11)\n",
    "    # n = ceil(rand*numplay);\n",
    "    # m = ceil(rand*(numplay-1));\n",
    "    \n",
    "    # Because you cannot play with oneself, if the row and column equal each other, we add 1 to m.  The m function above is numplay-1 because we don't want adding 1 to go beyond the number of players.\n",
    "    if m>=n:\n",
    "        m=m+1\n",
    "    \n",
    "    #n and m have been matched up, but they are more likely to interact if they are closer to each other.  \n",
    "    # Closeness--Probx(n,m)--is isomorphic with the probability of interaction, ProbInt.\n",
    "    ProbInt = Probx[n,m]\n",
    "        \n",
    "    # the higher Probx(n,m) the more likley n and m are to interact.\n",
    "    # A random number is drawn and if ProbInt is higher than this number, they interact.  \n",
    "    # If it is lower, then a new pair of players are chosen.\n",
    "    if ProbInt > round(random.random(),2):\n",
    "        \n",
    "        # 2. Interaction behavior and payoffs\n",
    "        \n",
    "        # player n; 0 = defect, 1 = cooperate.\n",
    "        if ProbInt > round(random.random(),2) - A:\n",
    "            pnstr = 1  # pnstr = player n's strategy.\n",
    "        else:\n",
    "            pnstr = 0\n",
    "         \n",
    "        # player m; 0 = defect, 1 = cooperate.\n",
    "        if ProbInt > round(random.random(),2) - A:\n",
    "            pmstr = 1  # pmstr = player m's strategy.\n",
    "        else:\n",
    "            pmstr = 0\n",
    "        \n",
    "        # Calculate prisoner's dilemma payoffs according to the values defined above.\n",
    "        if pnstr == 0 and pmstr == 0:\n",
    "            Payx[0,m] = Payx[0,m] + defectdefect\n",
    "            Payx[0,n] = Payx[0,n] + defectdefect\n",
    "        elif pnstr == 0 and pmstr == 1:\n",
    "            Payx[0,n] = Payx[0,n] + defectcoop\n",
    "            Payx[0,m] = Payx[0,m] + coopdefect\n",
    "        elif pnstr == 1 and pmstr == 0:\n",
    "            Payx[0,n] = Payx[0,n] + coopdefect\n",
    "            Payx[0,m] = Payx[0,m] + defectcoop\n",
    "        elif pnstr == 1 and pmstr == 1:\n",
    "            Payx[0,m] = Payx[0,m] + coopcoop\n",
    "            Payx[0,n] = Payx[0,n] + coopcoop\n",
    "            \n",
    "        # 3. Reciprocity-moving closer or further from partners (r)        \n",
    "        if pnstr == 1 and pmstr == 1:\n",
    "            Probx[n,m]  =  1 - (1 - ProbInt)/r\n",
    "            Probx[m,n] = Probx[n,m]\n",
    "        elif pmstr == 0 and pnstr == 0:\n",
    "            Probx[n,m] =  ProbInt/r\n",
    "            Probx[m,n] = Probx[n,m]\n",
    "            \n",
    "        # 4. Transitivity (t)\n",
    "        if pnstr == 1 and pmstr == 1:\n",
    "            for g in range(numplay): # 0~numplay-1\n",
    "                if g!=n and g!=m:\n",
    "                    #if player n has stronger feelings than player m, about player g, then they provide the greater influence.\n",
    "                    if abs(Probx[n,g] - setpoint) > abs(Probx[m,g]  - setpoint):\n",
    "                        if Probx[n,g] > setpoint:\n",
    "                            Probx[m,g] = 1 - (1 - Probx[m,g])/t\n",
    "                            Probx[g,m] = Probx[m,g]\n",
    "                        elif Probx[n,g] < setpoint:\n",
    "                            Probx[m,g] = Probx[m,g]/t\n",
    "                            Probx[g,m] = Probx[m,g]\n",
    "\n",
    "                    elif abs(Probx[m,g]  - setpoint) > abs(Probx[n,g] - setpoint):\n",
    "                        if Probx[m,g] > setpoint:\n",
    "                            Probx[n,g] = 1 - (1 - Probx[n,g])/t\n",
    "                            Probx[g,n] = Probx[n,g]\n",
    "                        elif Probx[m,g] < setpoint:\n",
    "                            Probx[n,g] = Probx[n,g]/t\n",
    "                            Probx[g,n] = Probx[n,g]\n",
    "    #pca=PCA(n_components=2)\n",
    "    #results=pca.fit_transform(Probx)\n",
    "    #plot_rst(results,numplay,str(rounds))  \n",
    "print(Probx)"
   ]
  },
  {
   "cell_type": "code",
   "execution_count": 7,
   "metadata": {},
   "outputs": [
    {
     "name": "stdout",
     "output_type": "stream",
     "text": [
      "[[-0.  1.  0. -0.  0. -0.  0.  0.  0. -0.  0.  0.]\n",
      " [ 1. -0. -0. -0. -0. -0.  0.  0. -0. -0.  0. -0.]\n",
      " [-0.  0.  0. -0.  1.  1.  1.  1.  1.  1.  1.  0.]\n",
      " [-0.  0.  0.  0.  0. -0.  0.  0.  0.  0.  0.  1.]\n",
      " [-0. -0.  1. -0. -0.  1.  1.  1.  1.  1.  1.  0.]\n",
      " [ 0. -0.  1. -0.  1.  0.  1.  1.  1.  1.  1. -0.]\n",
      " [-0. -0.  1. -0.  1.  1. -0.  1.  1.  1.  1. -0.]\n",
      " [-0.  0.  1. -0.  1.  1.  1.  0.  1.  1.  1.  0.]\n",
      " [ 0. -0.  1.  0.  1.  1.  1.  1.  0.  1.  1. -0.]\n",
      " [ 0. -0.  1.  0.  1.  1.  1.  1.  1. -0.  1. -0.]\n",
      " [-0.  0.  1.  0.  1.  1.  1.  1.  1.  1. -0.  0.]\n",
      " [ 0.  0.  0.  1. -0.  0. -0.  0.  0. -0.  0.  0.]]\n"
     ]
    }
   ],
   "source": [
    "#To calculate clustering, make a clustering matrix and add a small amount\n",
    "#of jitter to each cell so that all starting positions (.5) don't all round up to 1.\n",
    "ClusterMatrix = Probx;\n",
    "for g in range(numplay):\n",
    "    for h in range(numplay):\n",
    "        ClusterMatrix[g,h]= ClusterMatrix[g,h] + ((random.random()-.5)/1000);\n",
    "ClusterMatrix=np.round(ClusterMatrix)\n",
    "print(ClusterMatrix)"
   ]
  },
  {
   "cell_type": "code",
   "execution_count": 8,
   "metadata": {},
   "outputs": [
    {
     "name": "stdout",
     "output_type": "stream",
     "text": [
      "336.0\n",
      "336.0\n",
      "1.0\n",
      "0.4373\n"
     ]
    }
   ],
   "source": [
    "#print(np.matmul(np.matmul(ClusterMatrix, ClusterMatrix),ClusterMatrix))\n",
    "#the clustering coefficient (ClusteringCoeff) is the ratio of closed triplets\n",
    "#(numerator)over the number of total triplets (denominator)\n",
    "Numerator=np.trace(np.matmul(np.matmul(ClusterMatrix, ClusterMatrix),ClusterMatrix))\n",
    "print(Numerator)\n",
    "Denominator=sum(sum(np.matmul(ClusterMatrix, ClusterMatrix)))-np.trace(np.matmul(ClusterMatrix, ClusterMatrix))\n",
    "print(Denominator)\n",
    "if Denominator == 0: #can't divide by zero.\n",
    "    ClusterCoeff=0 #If there are no triplets, there can be no clustering and so it will be zero.\n",
    "else:\n",
    "    ClusterCoeff=Numerator/Denominator #this is the clustering coefficient\n",
    "print(ClusterCoeff)\n",
    "\n",
    "#to calculate average payoff, take the mean of the payoff matrix (Payx),\n",
    "#and multiply by the number of players, and divide by the number of rounds\n",
    "#and the number of players in a round (i.e., 2)\n",
    "AveragePayoff=mean(Payx)*numplay/(numrounds*2)\n",
    "print(AveragePayoff)"
   ]
  }
 ],
 "metadata": {
  "kernelspec": {
   "display_name": "Python 3",
   "language": "python",
   "name": "python3"
  },
  "language_info": {
   "codemirror_mode": {
    "name": "ipython",
    "version": 3
   },
   "file_extension": ".py",
   "mimetype": "text/x-python",
   "name": "python",
   "nbconvert_exporter": "python",
   "pygments_lexer": "ipython3",
   "version": "3.6.4"
  }
 },
 "nbformat": 4,
 "nbformat_minor": 2
}
